-1.40 -1.20 1
-1.30 -0.90 1
-1.25 -0.40 1
-1.20 0.10 1
-1.15 0.60 1
-1.10 1.10 1
-1.00 -1.10 1
-1.00 -0.80 1
-1.00 -0.30 1
-1.00 0.00 0
-1.00 0.40 1
-1.00 0.90 1
-0.90 -1.30 1
-0.90 -0.90 1
-0.90 -0.40 0
-0.90 0.00 0
-0.90 0.30 0
-0.90 0.80 1
-0.80 -1.10 1
-0.80 -0.80 1
-0.80 -0.50 0
-0.80 -0.20 0
-0.80 0.20 0
-0.80 0.50 0
-0.80 0.90 1
-0.70 -1.20 1
-0.70 -0.70 0
-0.70 -0.40 0
-0.70 0.00 0
-0.70 0.40 0
-0.70 0.70 0
-0.70 1.00 1
-0.60 -1.20 1
-0.60 -0.80 1
-0.60 -0.50 0
-0.60 -0.20 0
-0.60 0.20 0
-0.60 0.50 0
-0.60 0.80 1
-0.50 -1.30 1
-0.50 -0.90 1
-0.50 -0.60 0
-0.50 -0.30 0
-0.50 0.00 0
-0.50 0.30 0
-0.50 0.60 0
-0.50 0.90 1
-0.40 -1.20 1
-0.40 -0.90 0
-0.40 -0.60 0
-0.40 -0.30 0
-0.40 0.00 0
-0.40 0.30 0
-0.40 0.60 0
-0.40 0.90 0
-0.30 -1.20 1
-0.30 -0.90 0
-0.30 -0.60 0
-0.30 -0.30 0
-0.30 0.00 0
-0.30 0.30 0
-0.30 0.60 0
-0.30 0.90 0
-0.20 -1.10 1
-0.20 -0.80 0
-0.20 -0.50 0
-0.20 -0.20 0
-0.20 0.20 0
-0.20 0.50 0
-0.20 0.80 0
-0.10 -1.20 1
-0.10 -0.90 0
-0.10 -0.60 0
-0.10 -0.30 0
-0.10 0.00 0
-0.10 0.30 0
-0.10 0.60 0
-0.10 0.90 0
0.00 -1.20 1
0.00 -1.00 0
0.00 -0.80 0
0.00 -0.50 0
0.00 -0.20 0
0.00 0.00 0
0.00 0.20 0
0.00 0.50 0
0.00 0.80 0
0.00 1.10 1
0.20 -1.10 1
0.20 -0.80 0
0.20 -0.50 0
0.20 -0.20 0
0.20 0.20 0
0.20 0.50 0
0.20 0.80 0
0.20 1.10 1
0.40 -1.10 1
0.40 -0.90 0
0.40 -0.60 0
0.40 -0.30 0
0.40 0.00 0
0.40 0.30 0
0.40 0.60 0
0.40 0.90 0
0.50 -1.20 1
0.50 -0.90 1
0.50 -0.60 0
0.50 -0.30 0
0.50 0.00 0
0.50 0.30 0
0.50 0.60 0
0.50 0.90 1
0.60 -1.20 1
0.60 -0.80 1
0.60 -0.50 0
0.60 -0.20 0
0.60 0.20 0
0.60 0.50 0
0.60 0.80 1
0.70 -1.10 1
0.70 -0.80 1
0.70 -0.50 0
0.70 0.00 0
0.70 0.50 0
0.70 0.80 1
0.80 -1.00 1
0.80 -0.70 1
0.80 -0.40 0
0.80 0.00 0
0.80 0.40 0
0.80 0.70 1
0.90 -1.00 1
0.90 -0.70 1
0.90 -0.30 0
0.90 0.00 0
0.90 0.30 0
0.90 0.70 1
1.00 -1.00 1
1.00 -0.60 1
1.00 -0.20 1
1.00 0.00 0
1.00 0.20 1
1.00 0.60 1
1.00 1.00 1
1.10 -0.80 1
1.10 -0.40 1
1.10 0.00 1
1.10 0.40 1
1.10 0.80 1
1.20 -1.00 1
1.20 -0.50 1
1.20 0.00 1
1.20 0.50 1
1.20 1.00 1
1.30 -0.80 1
1.30 -0.20 1
1.30 0.50 1
1.40 0.00 1